0 1 17
1 18 17
1 2 18
2 19 18
2 3 19
3 20 19
3 4 20
4 21 20
4 5 21
5 22 21
5 6 22
6 23 22
6 7 23
7 24 23
7 8 24
8 25 24
8 9 25
9 26 25
9 10 26
10 27 26
10 11 27
11 28 27
11 12 28
12 29 28
12 13 29
13 30 29
13 14 30
14 31 30
14 15 31
15 32 31
15 16 32
16 33 32
17 18 34
18 35 34
18 19 35
19 36 35
19 20 36
20 37 36
20 21 37
21 38 37
21 22 38
22 39 38
22 23 39
23 40 39
23 24 40
24 41 40
24 25 41
25 42 41
25 26 42
26 43 42
26 27 43
27 44 43
27 28 44
28 45 44
28 29 45
29 46 45
29 30 46
30 47 46
30 31 47
31 48 47
31 32 48
32 49 48
32 33 49
33 50 49
34 35 51
35 52 51
35 36 52
36 53 52
36 37 53
37 54 53
37 38 54
38 55 54
38 39 55
39 56 55
39 40 56
40 57 56
40 41 57
41 58 57
41 42 58
42 59 58
42 43 59
43 60 59
43 44 60
44 61 60
44 45 61
45 62 61
45 46 62
46 63 62
46 47 63
47 64 63
47 48 64
48 65 64
48 49 65
49 66 65
49 50 66
50 67 66
51 52 68
52 69 68
52 53 69
53 70 69
53 54 70
54 71 70
54 55 71
55 72 71
55 56 72
56 73 72
56 57 73
57 74 73
57 58 74
58 75 74
58 59 75
59 76 75
59 60 76
60 77 76
60 61 77
61 78 77
61 62 78
62 79 78
62 63 79
63 80 79
63 64 80
64 81 80
64 65 81
65 82 81
65 66 82
66 83 82
66 67 83
67 84 83
68 69 85
69 86 85
69 70 86
70 87 86
70 71 87
71 88 87
71 72 88
72 89 88
72 73 89
73 90 89
73 74 90
74 91 90
74 75 91
75 92 91
75 76 92
76 93 92
76 77 93
77 94 93
77 78 94
78 95 94
78 79 95
79 96 95
79 80 96
80 97 96
80 81 97
81 98 97
81 82 98
82 99 98
82 83 99
83 100 99
83 84 100
84 101 100
85 86 102
86 103 102
86 87 103
87 104 103
87 88 104
88 105 104
88 89 105
89 106 105
89 90 106
90 107 106
90 91 107
91 108 107
91 92 108
92 109 108
92 93 109
93 110 109
93 94 110
94 111 110
94 95 111
95 112 111
95 96 112
96 113 112
96 97 113
97 114 113
97 98 114
98 115 114
98 99 115
99 116 115
99 100 116
100 117 116
100 101 117
101 118 117
102 103 119
103 120 119
103 104 120
104 121 120
104 105 121
105 122 121
105 106 122
106 123 122
106 107 123
107 124 123
107 108 124
108 125 124
108 109 125
109 126 125
109 110 126
110 127 126
110 111 127
111 128 127
111 112 128
112 129 128
112 113 129
113 130 129
113 114 130
114 131 130
114 115 131
115 132 131
115 116 132
116 133 132
116 117 133
117 134 133
117 118 134
118 135 134
119 120 136
120 137 136
120 121 137
121 138 137
121 122 138
122 139 138
122 123 139
123 140 139
123 124 140
124 141 140
124 125 141
125 142 141
125 126 142
126 143 142
126 127 143
127 144 143
127 128 144
128 145 144
128 129 145
129 146 145
129 130 146
130 147 146
130 131 147
131 148 147
131 132 148
132 149 148
132 133 149
133 150 149
133 134 150
134 151 150
134 135 151
135 152 151
136 137 153
137 154 153
137 138 154
138 155 154
138 139 155
139 156 155
139 140 156
140 157 156
140 141 157
141 158 157
141 142 158
142 159 158
142 143 159
143 160 159
143 144 160
144 161 160
144 145 161
145 162 161
145 146 162
146 163 162
146 147 163
147 164 163
147 148 164
148 165 164
148 149 165
149 166 165
149 150 166
150 167 166
150 151 167
151 168 167
151 152 168
152 169 168
153 154 170
154 171 170
154 155 171
155 172 171
155 156 172
156 173 172
156 157 173
157 174 173
157 158 174
158 175 174
158 159 175
159 176 175
159 160 176
160 177 176
160 161 177
161 178 177
161 162 178
162 179 178
162 163 179
163 180 179
163 164 180
164 181 180
164 165 181
165 182 181
165 166 182
166 183 182
166 167 183
167 184 183
167 168 184
168 185 184
168 169 185
169 186 185
170 171 187
171 188 187
171 172 188
172 189 188
172 173 189
173 190 189
173 174 190
174 191 190
174 175 191
175 192 191
175 176 192
176 193 192
176 177 193
177 194 193
177 178 194
178 195 194
178 179 195
179 196 195
179 180 196
180 197 196
180 181 197
181 198 197
181 182 198
182 199 198
182 183 199
183 200 199
183 184 200
184 201 200
184 185 201
185 202 201
185 186 202
186 203 202
187 188 204
188 205 204
188 189 205
189 206 205
189 190 206
190 207 206
190 191 207
191 208 207
191 192 208
192 209 208
192 193 209
193 210 209
193 194 210
194 211 210
194 195 211
195 212 211
195 196 212
196 213 212
196 197 213
197 214 213
197 198 214
198 215 214
198 199 215
199 216 215
199 200 216
200 217 216
200 201 217
201 218 217
201 202 218
202 219 218
202 203 219
203 220 219
204 205 221
205 222 221
205 206 222
206 223 222
206 207 223
207 224 223
207 208 224
208 225 224
208 209 225
209 226 225
209 210 226
210 227 226
210 211 227
211 228 227
211 212 228
212 229 228
212 213 229
213 230 229
213 214 230
214 231 230
214 215 231
215 232 231
215 216 232
216 233 232
216 217 233
217 234 233
217 218 234
218 235 234
218 219 235
219 236 235
219 220 236
220 237 236
221 222 238
222 239 238
222 223 239
223 240 239
223 224 240
224 241 240
224 225 241
225 242 241
225 226 242
226 243 242
226 227 243
227 244 243
227 228 244
228 245 244
228 229 245
229 246 245
229 230 246
230 247 246
230 231 247
231 248 247
231 232 248
232 249 248
232 233 249
233 250 249
233 234 250
234 251 250
234 235 251
235 252 251
235 236 252
236 253 252
236 237 253
237 254 253
238 239 255
239 256 255
239 240 256
240 257 256
240 241 257
241 258 257
241 242 258
242 259 258
242 243 259
243 260 259
243 244 260
244 261 260
244 245 261
245 262 261
245 246 262
246 263 262
246 247 263
247 264 263
247 248 264
248 265 264
248 249 265
249 266 265
249 250 266
250 267 266
250 251 267
251 268 267
251 252 268
252 269 268
252 253 269
253 270 269
253 254 270
254 271 270
255 256 272
256 273 272
256 257 273
257 274 273
257 258 274
258 275 274
258 259 275
259 276 275
259 260 276
260 277 276
260 261 277
261 278 277
261 262 278
262 279 278
262 263 279
263 280 279
263 264 280
264 281 280
264 265 281
265 282 281
265 266 282
266 283 282
266 267 283
267 284 283
267 268 284
268 285 284
268 269 285
269 286 285
269 270 286
270 287 286
270 271 287
271 288 287
